MEMORY
  total           14687 KB
  struct            159 KB
  buffer            191 KB
  arena           14336 KB, used 0.4%

SIZES
  narena                14680064
  nbuffer               196000
  nplugin               0
  maxuse_stack          17120
  maxuse_arena          51624
  maxuse_con            10
  maxuse_efc            47
  ncon                  4
  ne                    3
  nf                    0
  nl                    1
  nefc                  20
  nJ                    280
  nA                    0
  nisland               2
  nidof                 14
  ntree_awake           2
  nbody_awake           10
  nparent_awake         9
  nv_awake              14
  flg_energypos         0
  flg_energyvel         0
  flg_subtreevel        0
  flg_rnepost           0
  threadpool            0

TIMER
    0:  duration =  0.098      number = 4
    1:  duration =  0.091      number = 4
    2:  duration =  0          number = 0
    3:  duration =  0.061      number = 4
    4:  duration =  0.0061     number = 4
    5:  duration =  0.0018     number = 4
    6:  duration =  0.018      number = 4
    7:  duration =  0.006      number = 4
    8:  duration =  0.008      number = 4
    9:  duration =  0.0035     number = 4
    10:  duration =  0.028      number = 4
    11:  duration =  0.02       number = 4
    12:  duration =  0.00022    number = 4
    13:  duration =  0.008      number = 4
    14:  duration =  0.011      number = 4

SOLVER STAT
  solver_fwdinv =   0         0       
  ISLAND 0
    solver_niter = 1
    solver_nnz = 64
      0:  improvement =  1.5e-07     gradient =  1.2e-16     lineslope =  0       
          nactive = 4   nchange = 0   neval = 2   nupdate = 0

  ISLAND 1
    solver_niter = 1
    solver_nnz = 36
      0:  improvement =  0           gradient =  7.4e-16     lineslope =  0       
          nactive = 16   nchange = 0   neval = 2   nupdate = 0

ENERGY =   0         0       

TIME =  92      

QPOS
   0.73    
   0.5     
  -0.086   
   0.031   
   0.44    
   0.27    
   0.012   
  -0.012   
   0.1     
   0.023   
  -0.11    
   4.3e-17 
  -1       
  -0.0029  
  -1.6e-19 

QVEL
  -2e-06   
   3.2e-06 
  -2.2e-05 
  -0.016   
  -0.0082  
  -2.1e-06 
  -3.1e-06 
   1.2e-06 
   5.7e-18 
   2.7e-17 
   2.1e-15 
  -1.5e-15 
  -3.6e-16 
  -1.4e-16 

QACC_WARMSTART
  -2.5e-05 
   0.00065 
  -0.0023  
   0.05    
   0.027   
  -0.0048  
  -0.00019 
  -8.7e-05 
  -7.2e-16 
   6.6e-15 
   1.9e-16 
  -3.4e-13 
   3.5e-14 
   1.4e-14 

CTRL
   0.73    
   0.48    
  -0.099   
   0.27    
   0.013   

QFRC_APPLIED
   0       
   0       
   0       
   0       
   0       
   0       
   0       
   0       
   0       
   0       
   0       
   0       
   0       
   0       

XFRC_APPLIED
   0         0         0         0         0         0       
   0         0         0         0         0         0       
   0         0         0         0         0         0       
   0         0         0         0         0         0       
   0         0         0         0         0         0       
   0         0         0         0         0         0       
   0         0         0         0         0         0       
   0         0         0         0         0         0       
   0         0         0         0         0         0       
   0         0         0         0         0         0       

EQ_ACTIVE             1 1 1

QACC
  -2.5e-05 
   0.00065 
  -0.0023  
   0.05    
   0.027   
  -0.0048  
  -0.00019 
  -8.7e-05 
  -7.2e-16 
   6.6e-15 
   1.9e-16 
  -3.4e-13 
   3.5e-14 
   1.4e-14 

TREE_ASLEEP
  -11
  -11

XPOS
   0         0         0       
   0         0         0       
   0         0         0       
   0.048     0.044     0.12    
   0.15      0.13      0.059   
   0.15      0.13      0.059   
   0.18      0.16      0.012   
   0.17      0.17      0.014   
   0.19      0.15      0.0093  
   0.1       0.023    -0.11    

XQUAT
   1         0         0         0       
   0.93      0         0         0.36    
   0.9      -0.089     0.23      0.35    
   0.91     -0.074     0.19      0.35    
   0.91     -0.08      0.21      0.35    
   0.84     -0.15      0.4       0.32    
   0.79     -0.1       0.42      0.43    
   0.79     -0.1       0.42      0.43    
   0.79     -0.1       0.42      0.43    
   4.4e-17  -1        -0.0029   -5.1e-19 

XMAT
   1         0         0         0         1         0         0         0         1       
   0.74     -0.67      0         0.67      0.74      0         0         0         1       
   0.65     -0.67      0.36      0.59      0.74      0.32     -0.48      0         0.88    
   0.68     -0.67      0.3       0.61      0.74      0.27     -0.41      2.8e-17   0.91    
   0.67     -0.67      0.32      0.6       0.74      0.29     -0.43      5.6e-17   0.9     
   0.47     -0.67      0.58      0.42      0.74      0.52     -0.78      5.6e-17   0.63    
   0.27     -0.77      0.58      0.6       0.61      0.52     -0.75      0.2       0.63    
   0.27     -0.77      0.58      0.6       0.61      0.52     -0.75      0.2       0.63    
   0.27     -0.77      0.58      0.6       0.61      0.52     -0.75      0.2       0.63    
   1         0.0058    7.7e-19   0.0058   -1         8.9e-17   1.3e-18  -8.9e-17  -1       

XIPOS
   0         0         0       
  -0.0012   -0.0011   -0.026   
   0.007     0.0059    0.092   
   0.097     0.087     0.13    
   0.15      0.13      0.059   
   0.18      0.16      0.027   
   0.15      0.14     -0.016   
   0.11      0.14     -0.0071  
   0.14      0.11     -0.028   
   0.1       0.023    -0.11    

XIMAT
   1         0         0         0         1         0         0         0         1       
   0.74      0.07      0.67      0.67      0.059    -0.74     -0.091     1        -0.0026  
  -0.66     -0.59      0.47      0.75     -0.52      0.41      0.0053    0.62      0.78    
  -0.67      0.34      0.66      0.74      0.32      0.59     -0.0056    0.88     -0.47    
   0.67     -0.67      0.32      0.6       0.74      0.29     -0.43      5.6e-17   0.9     
  -0.67      0.5       0.55      0.75      0.44      0.5       0.0053    0.74     -0.67    
   0.27     -0.77      0.58      0.61      0.6       0.52     -0.74      0.21      0.63    
   0.59      0.42      0.69      0.8      -0.43     -0.42      0.12      0.8      -0.59    
   0.12      0.78      0.61      0.95      0.091    -0.3      -0.29      0.62     -0.73    
   1         0.0058    7.7e-19   0.0058   -1         8.9e-17   1.3e-18  -8.9e-17  -1       

XANCHOR
   0         0         0       
   0         0         0       
   0.048     0.044     0.12    
   0.15      0.13      0.059   
   0.15      0.13      0.059   
   0.18      0.16      0.012   
   0.18      0.16      0.012   
   0.18      0.16      0.012   
   0.1       0.023    -0.11    

XAXIS
   0         0         1       
  -0.67      0.74      0       
  -0.67      0.74      0       
  -0.67      0.74      2.8e-17 
  -0.67      0.74      5.6e-17 
   0.58      0.52      0.63    
  -0.77      0.61      0.2     
  -0.77      0.61      0.2     
   0         0         1       

GEOM_XPOS
   0         0        -0.13    
  -0.0062   -0.00037  -0.11    
  -0.0012   -0.0011   -0.026   
   0.007     0.0059    0.092   
   0.097     0.087     0.13    
   0.18      0.16      0.027   
   0.15      0.14     -0.016   
   0.11      0.14     -0.0071  
   0.14      0.11     -0.028   
   0.1       0.023    -0.11    

GEOM_XMAT
   1         0         0         0         1         0         0         0         1       
  -0.00016  -0.002     1        -0.00031  -1        -0.002     1        -0.00031   0.00016 
   0.74      0.07      0.67      0.67      0.059    -0.74     -0.091     1        -0.0026  
  -0.66     -0.59      0.47      0.75     -0.52      0.41      0.0053    0.62      0.78    
  -0.67      0.34      0.66      0.74      0.32      0.59     -0.0056    0.88     -0.47    
  -0.67      0.5       0.55      0.75      0.44      0.5       0.0053    0.74     -0.67    
   0.27     -0.77      0.58      0.61      0.6       0.52     -0.74      0.21      0.63    
   0.59      0.42      0.69      0.8      -0.43     -0.42      0.12      0.8      -0.59    
   0.12      0.78      0.61      0.95      0.091    -0.3      -0.29      0.62     -0.73    
   1         0.0058    7.7e-19   0.0058   -1         8.9e-17   1.3e-18  -8.9e-17  -1       

LIGHT_XPOS
   0         0         2       
   1         1         2       

LIGHT_XDIR
   0         0        -1       
  -0.41     -0.41     -0.82    

SUBTREE_COM
   0.021     0.018     0.014   
   0.02      0.018     0.015   
   0.058     0.054     0.09    
   0.12      0.11      0.086   
   0.15      0.15      0.0098  
   0.15      0.15      0.0096  
   0.12      0.13     -0.012   
   0.11      0.14     -0.0071  
   0.14      0.11     -0.028   
   0.1       0.023    -0.11    

CDOF
   0         0         1        -0.018     0.02      0       
  -0.67      0.74      0         0.011     0.01     -0.027   
  -0.67      0.74      0        -0.077    -0.069     0.038   
  -0.67      0.74      2.8e-17  -0.032    -0.029     0.17    
  -0.67      0.74      5.6e-17  -0.032    -0.029     0.17    
   0.58      0.52      0.63      0.09     -0.1       0.00031 
   0         0         0        -0.77      0.61      0.2     
   0         0         0        -0.77      0.61      0.2     
   0         0         0         1         0         0       
   0         0         0         0         1         0       
   0         0         0         0         0         1       
   1         0.0058    1.3e-18  -4.5e-36   0         3.5e-18 
   0.0058   -1        -8.9e-17   3.1e-34  -0         2e-20   
   7.7e-19   8.9e-17  -1         3.5e-18  -0         2.7e-36 

CINERT
   0         0         0         0         0         0         0         0         0         0       
   0.011     0.01      0.0081    0.00081  -0.0024   -0.0022   -0.056    -0.052    -0.11      2.7     
   0.0062    0.0062    0.0011   -0.00041   0.00035   0.00039  -0.01     -0.0099    0.061     0.79    
   0.0084    0.009     0.0052   -0.0025   -0.0037   -0.0033    0.033     0.029     0.05      0.43    
   1.6e-05   1.9e-05   3.1e-05  -1.5e-05  -5.6e-06  -5e-06     0.00013   0.00012   4.3e-05   0.001   
   0.0029    0.0035    0.0062   -0.0031   -0.00022  -0.0002    0.022     0.02      0.0016    0.14    
   0.00033   0.0004    0.00068  -0.00034   8.7e-05   7.8e-05   0.0028    0.0026   -0.00068   0.022   
   0.0011    0.00061   0.0016   -0.00075   0.00015   0.00019   0.0064    0.0088   -0.0017    0.075   
   0.00016   0.00028   0.00038  -0.00018   8.5e-05   6.1e-05   0.002     0.0014   -0.00068   0.016   
   1.3e-05   1.3e-05   1.3e-05   9.1e-40   0         0         0        -1.7e-19   0         0.05    

ACTUATOR_LENGTH
   0.73    
   0.5     
  -0.086   
   0.27    
   0.012   

actuator_moment
----------------
 x              |
  x             |
   x            |
      x         |
       x        |
----------------

ACTUATOR_MOMENT
     0:  1       
     1:  1       
     2:  1       
     5:  1       
     6:  1       

CRB
   0         0         0         0         0         0         0         0         0         0       
   0.03      0.031     0.023    -0.0065   -0.0056   -0.0049    1.4e-17   0         1.4e-17   4.2     
   0.019     0.02      0.015    -0.0073   -0.0032   -0.0027    0.056     0.052     0.11      1.5     
   0.013     0.014     0.014    -0.0069   -0.0036   -0.0031    0.066     0.062     0.049     0.68    
   0.0045    0.0049    0.0089   -0.0044    9.4e-05   0.00013   0.033     0.032    -0.0014    0.25    
   0.0044    0.0048    0.0089   -0.0044    0.0001    0.00014   0.033     0.032    -0.0014    0.25    
   0.0016    0.0013    0.0027   -0.0013    0.00032   0.00033   0.011     0.013    -0.003     0.11    
   0.0011    0.00061   0.0016   -0.00075   0.00015   0.00019   0.0064    0.0088   -0.0017    0.075   
   0.00016   0.00028   0.00038  -0.00018   8.5e-05   6.1e-05   0.002     0.0014   -0.00068   0.016   
   1.3e-05   1.3e-05   1.3e-05   9.1e-40   0         0         0        -1.7e-19   0         0.05    

QM
   0.026   
   4.5e-05   0.036   
   0.00024   0.013     0.012   
   0.00012   0.00095   0.0022    0.0011  
   0.00012   0.00095   0.0022    0.0011    0.0011  
  -0.0003   -0.00026  -7.3e-06   0.00013   0.00013   0.00016 
   0.013    -0.0025   -4.8e-05   0.0013    0.0013   -0.0014    0.075   
   0.0027   -0.00051   8.8e-06   0.00029   0.00029  -0.00014             0.016   
                                                                                   0.05    
                                                                                   0         0.05    
                                                                                   0         0         0.05    
                                                                                   0         0         0         1.3e-05 
                                                                                   0         0         0         0         1.3e-05 
                                                                                   0         0         0         0         0         1.3e-05 

M
     0:  0.026   
     0:  4.5e-05    1:  0.036   
     0:  0.00024    1:  0.013      2:  0.012   
     0:  0.00012    1:  0.00095    2:  0.0022     3:  0.0011  
     0:  0.00012    1:  0.00095    2:  0.0022     3:  0.0011     4:  0.0011  
     0: -0.0003     1: -0.00026    2: -7.3e-06    3:  0.00013    4:  0.00013    5:  0.00016 
     0:  0.013      1: -0.0025     2: -4.8e-05    3:  0.0013     4:  0.0013     5: -0.0014     6:  0.075   
     0:  0.0027     1: -0.00051    2:  8.8e-06    3:  0.00029    4:  0.00029    5: -0.00014    7:  0.016   
     8:  0.05    
     9:  0.05    
    10:  0.05    
    11:  1.3e-05 
    12:  1.3e-05 
    13:  1.3e-05 

QLD
     0:  0.024   
     0: -0.0099     1:  0.017   
     0:  0.077      1:  1.6        2:  0.0061  
     0:  3.5e-13    1:  1          2:  1          3:  1e-06   
     0: -0.1        1:  1.5        2:  2.4        3:  1          4:  0.00092 
     0: -0.32       1: -2.4        2: -0.062      3:  1.2        4:  1.2        5:  0.00013 
     0:  0.17       1: -0.034      2: -0.00064    3:  0.017      4:  0.017      5: -0.019      6:  0.075   
     0:  0.17       1: -0.032      2:  0.00056    3:  0.018      4:  0.018      5: -0.0088     7:  0.016   
     8:  0.05    
     9:  0.05    
    10:  0.05    
    11:  1.3e-05 
    12:  1.3e-05 
    13:  1.3e-05 

QLDIAGINV
   42      
   59      
   1.6e+02 
   1e+06   
   1.1e+03 
   7.6e+03 
   13      
   63      
   20      
   20      
   20      
   7.5e+04 
   7.5e+04 
   7.5e+04 

M: inertia structure
----------------
 x              |
 xx             |
 xxx            |
 xxxx           |
 xxxxx          |
 xxxxxx         |
 xxxxxxx        |
 xxxxxx x       |
         x      |
          x     |
           x    |
            x   |
             x  |
              x |
----------------

iM: block-diagonal inertia (nnzs are island ids)
----------------
 0              |
 00             |
 000            |
 0000           |
 00000          |
 000000         |
 0000000        |
 000000 0       |
         1      |
          1     |
           1    |
            1   |
             1  |
              1 |
----------------

QH
     0:  0.045   
     0:  0.0061     1:  0.05    
     0:  0.014      1:  0.41       2:  0.027   
     0:  3.4e-13    1:  1          2:  1          3:  1e-06   
     0: -0.06       1:  0.9        2:  2          3:  1          4:  0.0011  
     0: -0.015      1: -0.036      2: -0.00097    3:  0.018      4:  0.018      5:  0.0081  
     0:  0.11       1: -0.022      2: -0.00042    3:  0.011      4:  0.011      5: -0.012      6:  0.11    
     0:  0.17       1: -0.032      2:  0.00056    3:  0.018      4:  0.018      5: -0.0088     7:  0.016   
     8:  0.05    
     9:  0.05    
    10:  0.05    
    11:  1.3e-05 
    12:  1.3e-05 
    13:  1.3e-05 

QHDIAGINV
   22      
   20      
   37      
   1e+06   
   9e+02   
   1.2e+02 
   8.7     
   63      
   20      
   20      
   20      
   7.5e+04 
   7.5e+04 
   7.5e+04 

TREE_AWAKE
  1 1

BODY_AWAKE
  -1 1 1 1 1 1 1 1 1 1

BODY_AWAKE_IND
  0 1 2 3 4 5 6 7 8 9

PARENT_AWAKE_IND
  1 2 3 4 5 6 7 8 9

DOF_AWAKE_IND
  0 1 2 3 4 5 6 7 8 9 10 11 12 13

QDERIV
     0: -10         1:  0          2:  0          3:  0          4:  0          5:  0          6:  0          7:  0       
     0:  0          1: -10         2:  0          3:  0          4:  0          5:  0          6:  0          7:  0       
     0:  0          1:  0          2: -10         3:  0          4:  0          5:  0          6:  0          7:  0       
     0:  0          1:  0          2:  0          3:  0          4:  0          5:  0          6:  0          7:  0       
     0:  0          1:  0          2:  0          3:  0          4:  0          5:  0          6:  0          7:  0       
     0:  0          1:  0          2:  0          3:  0          4:  0          5: -4          6:  0          7:  0       
     0:  0          1:  0          2:  0          3:  0          4:  0          5:  0          6: -20      
     0:  0          1:  0          2:  0          3:  0          4:  0          5:  0          7:  0       
     8:  0          9:  0         10:  0         11:  0         12:  0         13:  0       
     8:  0          9:  0         10:  0         11:  0         12:  0         13:  0       
     8:  0          9:  0         10:  0         11:  0         12:  0         13:  0       
     8:  0          9:  0         10:  0         11:  0         12:  0         13:  0       
     8:  0          9:  0         10:  0         11:  0         12:  0         13:  0       
     8:  0          9:  0         10:  0         11:  0         12:  0         13:  0       

CONTACT
  0:
     dim           3
     geoms         floor : test_block_geom
     exclude       0
     efc_address   4
     solref         0.02      1       
     solimp         0.9       0.95      0.001     0.5       2       
     dist          -0.00011 
     includemargin  0       
     pos            0.08      0.043    -0.13    
     frame          0         0         1         0         1         0        -1         0         0       
     friction       1         1         0.005     0.0001    0.0001  
     mu             1       
     force          0.12      8.3e-17   1.4e-17   0         0         0       
  1:
     dim           3
     geoms         floor : test_block_geom
     exclude       0
     efc_address   8
     solref         0.02      1       
     solimp         0.9       0.95      0.001     0.5       2       
     dist          -0.00011 
     includemargin  0       
     pos            0.12      0.043    -0.13    
     frame          0         0         1         0         1         0        -1         0         0       
     friction       1         1         0.005     0.0001    0.0001  
     mu             1       
     force          0.12      7.6e-17   6.9e-18   0         0         0       
  2:
     dim           3
     geoms         floor : test_block_geom
     exclude       0
     efc_address   12
     solref         0.02      1       
     solimp         0.9       0.95      0.001     0.5       2       
     dist          -0.00011 
     includemargin  0       
     pos            0.08      0.0026   -0.13    
     frame          0         0         1         0         1         0        -1         0         0       
     friction       1         1         0.005     0.0001    0.0001  
     mu             1       
     force          0.12      8.7e-17   6.9e-18   0         0         0       
  3:
     dim           3
     geoms         floor : test_block_geom
     exclude       0
     efc_address   16
     solref         0.02      1       
     solimp         0.9       0.95      0.001     0.5       2       
     dist          -0.00011 
     includemargin  0       
     pos            0.12      0.0028   -0.13    
     frame          0         0         1         0         1         0        -1         0         0       
     friction       1         1         0.005     0.0001    0.0001  
     mu             1       
     force          0.12      8.3e-17   1.4e-17   0         0         0       

EFC_TYPE
  0
  0
  0
  3
  6
  6
  6
  6
  6
  6
  6
  6
  6
  6
  6
  6
  6
  6
  6
  6

EFC_ID
  0
  1
  2
  4
  0
  0
  0
  0
  1
  1
  1
  1
  2
  2
  2
  2
  3
  3
  3
  3

EFC_J
   0         1         0         1         0         0         0         0         0         0         0         0         0         0       
   0         0         1         0         1         0         0         0         0         0         0         0         0         0       
   0         0         0         0         0         0         1         1         0         0         0         0         0         0       
   0         0         0         0        -1         0         0         0         0         0         0         0         0         0       
   0         0         0         0         0         0         0         0         0         1         1         0.04     -0.02      0.02    
   0         0         0         0         0         0         0         0         0        -1         1         5.4e-05  -0.02     -0.02    
   0         0         0         0         0         0         0         0        -1         0         1         0.02     -0.04     -0.02    
   0         0         0         0         0         0         0         0         1         0         1         0.02     -5.4e-05   0.02    
   0         0         0         0         0         0         0         0         0         1         1         0.04      0.02     -0.02    
   0         0         0         0         0         0         0         0         0        -1         1         5.4e-05   0.02      0.02    
   0         0         0         0         0         0         0         0        -1         0         1         0.02      5.4e-05  -0.02    
   0         0         0         0         0         0         0         0         1         0         1         0.02      0.04      0.02    
   0         0         0         0         0         0         0         0         0         1         1        -5.4e-05  -0.02      0.02    
   0         0         0         0         0         0         0         0         0        -1         1        -0.04     -0.02     -0.02    
   0         0         0         0         0         0         0         0        -1         0         1        -0.02     -0.04      0.02    
   0         0         0         0         0         0         0         0         1         0         1        -0.02     -5.4e-05  -0.02    
   0         0         0         0         0         0         0         0         0         1         1        -5.4e-05   0.02     -0.02    
   0         0         0         0         0         0         0         0         0        -1         1        -0.04      0.02      0.02    
   0         0         0         0         0         0         0         0        -1         0         1        -0.02      5.4e-05   0.02    
   0         0         0         0         0         0         0         0         1         0         1        -0.02      0.04     -0.02    

IEFC_J
   0         1         0         1         0         0         0         0       ......... ......... ......... ......... ......... ......... 
   0         0         1         0         1         0         0         0       ......... ......... ......... ......... ......... ......... 
   0         0         0         0         0         0         1         1       ......... ......... ......... ......... ......... ......... 
   0         0         0         0        -1         0         0         0       ......... ......... ......... ......... ......... ......... 
 ......... ......... ......... ......... ......... ......... ......... .........   0         1         1         0.04     -0.02      0.02    
 ......... ......... ......... ......... ......... ......... ......... .........   0        -1         1         5.4e-05  -0.02     -0.02    
 ......... ......... ......... ......... ......... ......... ......... .........  -1         0         1         0.02     -0.04     -0.02    
 ......... ......... ......... ......... ......... ......... ......... .........   1         0         1         0.02     -5.4e-05   0.02    
 ......... ......... ......... ......... ......... ......... ......... .........   0         1         1         0.04      0.02     -0.02    
 ......... ......... ......... ......... ......... ......... ......... .........   0        -1         1         5.4e-05   0.02      0.02    
 ......... ......... ......... ......... ......... ......... ......... .........  -1         0         1         0.02      5.4e-05  -0.02    
 ......... ......... ......... ......... ......... ......... ......... .........   1         0         1         0.02      0.04      0.02    
 ......... ......... ......... ......... ......... ......... ......... .........   0         1         1        -5.4e-05  -0.02      0.02    
 ......... ......... ......... ......... ......... ......... ......... .........   0        -1         1        -0.04     -0.02     -0.02    
 ......... ......... ......... ......... ......... ......... ......... .........  -1         0         1        -0.02     -0.04      0.02    
 ......... ......... ......... ......... ......... ......... ......... .........   1         0         1        -0.02     -5.4e-05  -0.02    
 ......... ......... ......... ......... ......... ......... ......... .........   0         1         1        -5.4e-05   0.02     -0.02    
 ......... ......... ......... ......... ......... ......... ......... .........   0        -1         1        -0.04      0.02      0.02    
 ......... ......... ......... ......... ......... ......... ......... .........  -1         0         1        -0.02      5.4e-05   0.02    
 ......... ......... ......... ......... ......... ......... ......... .........   1         0         1        -0.02      0.04     -0.02    

EFC_POS
   0.54    
   0.36    
  -0.00012 
  -0.18    
  -0.00011 
  -0.00011 
  -0.00011 
  -0.00011 
  -0.00011 
  -0.00011 
  -0.00011 
  -0.00011 
  -0.00011 
  -0.00011 
  -0.00011 
  -0.00011 
  -0.00011 
  -0.00011 
  -0.00011 
  -0.00011 

EFC_MARGIN
   0       
   0       
   0       
   0       
   0       
   0       
   0       
   0       
   0       
   0       
   0       
   0       
   0       
   0       
   0       
   0       
   0       
   0       
   0       
   0       

EFC_FRICTIONLOSS
   0       
   0       
   0       
   0       
   0       
   0       
   0       
   0       
   0       
   0       
   0       
   0       
   0       
   0       
   0       
   0       
   0       
   0       
   0       
   0       

EFC_DIAGAPPROX
   1e+06   
   1e+06   
   90      
   1e+06   
   80      
   80      
   80      
   80      
   80      
   80      
   80      
   80      
   80      
   80      
   80      
   80      
   80      
   80      
   80      
   80      

EFC_KBIP
   2.8e+03   1.1e+02   0.95      0       
   2.8e+03   1.1e+02   0.95      0       
   2.8e+03   1.1e+02   0.9      -25      
   2.8e+03   1.1e+02   0.95      0       
   2.8e+03   1.1e+02   0.9      -22      
   2.8e+03   1.1e+02   0.9      -22      
   2.8e+03   1.1e+02   0.9      -22      
   2.8e+03   1.1e+02   0.9      -22      
   2.8e+03   1.1e+02   0.9      -22      
   2.8e+03   1.1e+02   0.9      -22      
   2.8e+03   1.1e+02   0.9      -22      
   2.8e+03   1.1e+02   0.9      -22      
   2.8e+03   1.1e+02   0.9      -22      
   2.8e+03   1.1e+02   0.9      -22      
   2.8e+03   1.1e+02   0.9      -22      
   2.8e+03   1.1e+02   0.9      -22      
   2.8e+03   1.1e+02   0.9      -22      
   2.8e+03   1.1e+02   0.9      -22      
   2.8e+03   1.1e+02   0.9      -22      
   2.8e+03   1.1e+02   0.9      -22      

EFC_D
   1.9e-05 
   1.9e-05 
   0.1     
   1.9e-05 
   0.11    
   0.11    
   0.11    
   0.11    
   0.11    
   0.11    
   0.11    
   0.11    
   0.11    
   0.11    
   0.11    
   0.11    
   0.11    
   0.11    
   0.11    
   0.11    

EFC_R
   5.3e+04 
   5.3e+04 
   9.8     
   5.3e+04 
   8.8     
   8.8     
   8.8     
   8.8     
   8.8     
   8.8     
   8.8     
   8.8     
   8.8     
   8.8     
   8.8     
   8.8     
   8.8     
   8.8     
   8.8     
   8.8     

ACTUATOR_VELOCITY
  -1.9e-06 
   3.1e-06 
  -2.1e-05 
  -2.1e-06 
  -3.1e-06 

CVEL
   0         0         0         0         0         0       
   0         0        -1.9e-06   3.5e-08  -3.8e-08   0       
  -2.1e-06   2.3e-06  -1.9e-06   7e-08    -6.3e-09  -8.4e-08 
   1.2e-05  -1.3e-05  -1.9e-06   1.7e-06   1.4e-06  -8.9e-07 
   0.011    -0.012    -1.9e-06   0.00053   0.00048  -0.0028  
   0.017    -0.018    -1.9e-06   0.0008    0.00072  -0.0043  
   0.017    -0.018    -3.2e-06   0.0008    0.00072  -0.0043  
   0.017    -0.018    -3.2e-06   0.0008    0.00071  -0.0043  
   0.017    -0.018    -3.2e-06   0.00079   0.00072  -0.0043  
  -8.2e-16   3.5e-16   1.4e-16   7.3e-18   1.4e-17   2.1e-15 

CDOF_DOT
   0         0         0         0         0         0       
   1.4e-06   1.3e-06   0         2e-08    -2.2e-08   7.7e-10 
   1.4e-06   1.3e-06   4.2e-22   1.9e-08   2.8e-07   3.7e-07 
   1.4e-06   1.3e-06   3.4e-21  -1.7e-06  -1.4e-06   1.4e-06 
   1.4e-06   1.3e-06   1.7e-18  -1.7e-06  -1.4e-06   1.4e-06 
  -0.012    -0.01      0.019     0.0027   -0.003    -6.2e-06 
   0        -0         0        -0.0038   -0.0034   -0.0041  
   0        -0         0        -0.0038   -0.0034   -0.0041  
   0         0         0         0         0         0       
   0         0         0         0         0         0       
   0         0         0         0         0         0       
   0         0         0        -1.2e-17   2.1e-15  -1.4e-17 
   0         0        -0         2.1e-15   1.2e-17  -7.4e-18 
  -0         0         0        -1.4e-17   7.3e-18   6.4e-34 

QFRC_BIAS
  -4.1e-08 
  -1.1     
  -0.63    
  -0.027   
  -0.027   
   0.015   
   0.15    
   0.032   
   0       
   1.1e-47 
   0.49    
   0       
   0       
  -1.2e-51 

QFRC_SPRING
   0       
   0       
   0       
   0       
   0       
   0       
   0       
   0       
   0       
   0       
   0       
   0       
   0       
   0       

QFRC_DAMPER
   0       
   0       
   0       
   0       
   0       
   0       
   0       
   0       
   0       
   0       
   0       
   0       
   0       
   0       

QFRC_GRAVCOMP
   0       
   0       
   0       
   0       
   0       
   0       
   0       
   0       
   0       
   0       
   0       
   0       
   0       
   0       

QFRC_FLUID
   0       
   0       
   0       
   0       
   0       
   0       
   0       
   0       
   0       
   0       
   0       
   0       
   0       
   0       

QFRC_PASSIVE
   0       
   0       
   0       
   0       
   0       
   0       
   0       
   0       
   0       
   0       
   0       
   0       
   0       
   0       

EFC_VEL
  -0.016   
  -0.0082  
  -1.9e-06 
   0.0082  
   2e-15   
   2.1e-15 
   2.1e-15 
   2.1e-15 
   2e-15   
   2e-15   
   2e-15   
   2e-15   
   2.1e-15 
   2.1e-15 
   2.1e-15 
   2.1e-15 
   2.1e-15 
   2.1e-15 
   2.1e-15 
   2.1e-15 

EFC_AREF
  -1.4e+03 
  -9.4e+02 
   0.31    
   4.7e+02 
   0.27    
   0.27    
   0.27    
   0.27    
   0.27    
   0.27    
   0.27    
   0.27    
   0.27    
   0.27    
   0.27    
   0.27    
   0.27    
   0.27    
   0.27    
   0.27    

SUBTREE_LINVEL
   0         0         0       
   0         0         0       
   0         0         0       
   0         0         0       
   0         0         0       
   0         0         0       
   0         0         0       
   0         0         0       
   0         0         0       
   0         0         0       

SUBTREE_ANGMOM
   0         0         0       
   0         0         0       
   0         0         0       
   0         0         0       
   0         0         0       
   0         0         0       
   0         0         0       
   0         0         0       
   0         0         0       
   0         0         0       

ACTUATOR_FORCE
   6.9e-06 
  -1.1     
  -0.61    
   0.015   
   0.12    

QFRC_ACTUATOR
   6.9e-06 
  -1.1     
  -0.61    
   0       
   0       
   0.015   
   0.12    
   0       
   0       
   0       
   0       
   0       
   0       
   0       

QFRC_SMOOTH
   6.9e-06 
   0.027   
   0.018   
   0.027   
   0.027   
   9.2e-06 
  -0.032   
  -0.032   
   0       
  -1.1e-47 
  -0.49    
   0       
   0       
   1.2e-51 

QACC_SMOOTH
   0.76    
   3.8     
  -15      
   11      
   51      
  -71      
  -2.8     
  -3.8     
   0       
  -2.2e-46 
  -9.8     
   0       
   0       
   8.8e-47 

EFC_B
   1.4e+03 
   9.7e+02 
  -6.9     
  -5.3e+02 
  -10      
  -10      
  -10      
  -10      
  -10      
  -10      
  -10      
  -10      
  -10      
  -10      
  -10      
  -10      
  -10      
  -10      
  -10      
  -10      

EFC_FORCE
  -0.027   
  -0.018   
   0.032   
   0.009   
   0.031   
   0.031   
   0.031   
   0.031   
   0.031   
   0.031   
   0.031   
   0.031   
   0.031   
   0.031   
   0.031   
   0.031   
   0.031   
   0.031   
   0.031   
   0.031   

EFC_STATE
  1
  1
  1
  1
  1
  1
  1
  1
  1
  1
  1
  1
  1
  1
  1
  1
  1
  1
  1
  1

QFRC_CONSTRAINT
   0       
  -0.027   
  -0.018   
  -0.027   
  -0.027   
   0       
   0.032   
   0.032   
  -4.2e-17 
   3.3e-16 
   0.49    
  -4.7e-18 
   0       
   0       

QFRC_INVERSE
   0       
   0       
   0       
   0       
   0       
   0       
   0       
   0       
   0       
   0       
   0       
   0       
   0       
   0       

CACC
   0         0         0         0         0         0       
   0         0         0         0         0         0       
   0         0         0         0         0         0       
   0         0         0         0         0         0       
   0         0         0         0         0         0       
   0         0         0         0         0         0       
   0         0         0         0         0         0       
   0         0         0         0         0         0       
   0         0         0         0         0         0       
   0         0         0         0         0         0       

CFRC_INT
   0         0         0         0         0         0       
   0         0         0         0         0         0       
   0         0         0         0         0         0       
   0         0         0         0         0         0       
   0         0         0         0         0         0       
   0         0         0         0         0         0       
   0         0         0         0         0         0       
   0         0         0         0         0         0       
   0         0         0         0         0         0       
   0         0         0         0         0         0       

CFRC_EXT
   0         0         0         0         0         0       
   0         0         0         0         0         0       
   0         0         0         0         0         0       
   0         0         0         0         0         0       
   0         0         0         0         0         0       
   0         0         0         0         0         0       
   0         0         0         0         0         0       
   0         0         0         0         0         0       
   0         0         0         0         0         0       
   0         0         0         0         0         0       

TREE_ISLAND
  0 1

ISLAND_NTREE
  1 1

ISLAND_ITREEADR
  0 1

MAP_ITREE2TREE
  0 1

DOF_ISLAND            0 0 0 0 0 0 0 0 1 1 1 1 1 1

ISLAND_NV             8 6

ISLAND_IDOFADR        0 8

MAP_IDOF2DOF          0 1 2 3 4 5 6 7 | 8 9 10 11 12 13

EFC_ISLAND            0 0 0 0 1 1 1 1 1 1 1 1 1 1 1 1 1 1 1 1

ISLAND_NEFC           4 16

ISLAND_IEFCADR        0 4

MAP_IEFC2EFC          0 1 2 3 | 4 5 6 7 8 9 10 11 12 13 14 15 16 17 18 19

